1 0.357711 0.372583 0.834040 0.817643
2 0.282213 0.312695 0.856541 0.863080
3 0.268195 0.252666 0.868423 0.889530
4 0.244663 0.265548 0.870310 0.892623
5 0.241445 0.254581 0.871729 0.897765
6 0.239722 0.254879 0.872560 0.897224
7 0.237058 0.230183 0.873707 0.899660
8 0.225239 0.216394 0.884688 0.901037
9 0.224283 0.231388 0.885190 0.900551
10 0.212002 0.210557 0.886289 0.898898
11 0.214898 0.196013 0.894890 0.906552
12 0.212704 0.197207 0.895937 0.904829
13 0.190901 0.196200 0.896702 0.916392
14 0.189836 0.180174 0.897356 0.910164
15 0.188556 0.172316 0.897938 0.912677
