1 0.340361 0.417909 0.851500 0.832135
2 0.317611 0.363017 0.861532 0.849291
3 0.298453 0.348514 0.869451 0.846038
4 0.286027 0.329987 0.874774 0.849440
5 0.275751 0.260751 0.879193 0.881640
6 0.265170 0.292030 0.884216 0.868322
7 0.257972 0.278399 0.887079 0.868161
8 0.252778 0.263191 0.889322 0.873811
9 0.245323 0.243529 0.893234 0.897780
10 0.241031 0.251971 0.894842 0.885180
11 0.236979 0.234821 0.896827 0.893939
12 0.232754 0.240954 0.898653 0.892678
13 0.230187 0.281773 0.900132 0.869317
14 0.226946 0.259665 0.901614 0.874607
15 0.228510 0.265948 0.901208 0.874877
16 0.227132 0.233744 0.901268 0.898195
17 0.223457 0.233327 0.903021 0.905531
