1 0.346528 0.292117 0.820570 0.877567
2 0.252606 0.249279 0.866431 0.897113
3 0.219848 0.255087 0.882105 0.895502
4 0.203352 0.215822 0.889665 0.914602
5 0.193535 0.210786 0.893991 0.915095
6 0.187219 0.211018 0.896802 0.916564
7 0.181693 0.197665 0.899206 0.921101
8 0.177147 0.200939 0.901120 0.920067
9 0.174289 0.194405 0.902402 0.922379
10 0.171640 0.190184 0.903785 0.925111
11 0.169052 0.193536 0.904925 0.923914
12 0.169542 0.225305 0.904704 0.908642
13 0.167962 0.190595 0.905390 0.924397
14 0.167796 0.190259 0.905457 0.924981
15 0.167469 0.190127 0.905502 0.925254
16 0.165925 0.190008 0.906017 0.926694
